$10,351.16
$31.77
$434
57.96
$9
$325
$35.41
$433
$203
$23.45
$28.44
$209
$31.71
$229
$35.67
$227
$220
$226
17.91
$481
$185
$133
$40.72
$27.71
$48.93
$46.73
$147.36
55.29
$31.78
$329
$16.00
54.61
$381
$69.13
$129
56.05
59.77
$35.02
$481
$639
17.91
17.91
$37.33
35.19
24.09
24.09
26.38
79.14
26.38
18.39
26.38
15.19
29.59
14.99
14.99
26.36
11.99
6.39
28.39
41.28
41.28
35.09
16.68
66.72
24.74
29.99
29.99
23.99
29.99
75.99
58.79
41.99
29.77
12.79
25.49
19.99
21.25
19.22
19.99
19.99
19.99
5.55
92.11
39.99
79.98
28.26
24.79
39.19
31.79
63.58
28.79
21.59
8.76
8.76
23.99
22.39
5.89
22.39
17.99
17.99
44.49
22.13
11.99
10.39
38.39
34.42
31.39
27.99
24.79
34.06
26.98
26.22
21.66
5.05
5.05
10.73
5.92
5.42
10.84
5.42
7.19
5.25
5.25
5.25
5.25
5.25
5.25
5.25
99.75
9.11
0.98
1.18
0.99
1.04
24.96
1.04
1.05
1.05
1.01
1.23
1.18
1.29
46.44
1.29
1.19
1.43
34.32
1.43
1.43
8.58
1.31
1.12
1.33
1.63
39.12
1.63
39.12
1.63
1.63
1.63
39.12
9.08
9.08
9.08
9.08
9.12
14.51
14.51
12.69
1.65
3.97
1.89
45.36
2.16
77.76
0.36
3.37
20.22
2.46
3.19
3.21
2.78
5.56
2.55
3.19
3.19
0.36
8.64
2.54
30.48
0.87
10.44
4.67
3.83
1.18
16.52
56.88
56.88
0.69
4.14
3.11
4.28
4.28
